-.49945499542445175000  -.72041782640953041531
-.49713063021837630000  -.71991088499246001211
-.49295799586795145000  -.71900347615318219878
-.48695168400966195000  -.71770340943363138076
-.47913392430695410000  -.71602244650687917286
-.46953377200148115000  -.71397635504777592866
-.45818693115489010000  -.71158514338917501783
-.44513560901476370000  -.70887332026698187993
-.43042835559114615000  -.70587014060788902533
-.41411988191153245000  -.70260980221763138353
-.39627085604969060000  -.69913155603436351148
-.37694767724268775000  -.69547969143363354903
-.35622222878851835000  -.69170335941042814263
-.33417161058768500000  -.68785620107079841485
-.31087785230036165000  -.68399575711894696970
-.28642760817565195000  -.68018264586555002201
-.26091183468309290000  -.67647951212565348695
-.23442545214302050000  -.67294976610059335070
-.20706699161315195000  -.66965614839425370876
-.17893822834420475000  -.66665917292461353676
-.15014380316766595000  -.66401551195067755216
-.12079083322389935000  -.66177639540324401875
-.09098851347853875000  -.65998609943959078245
-.06084771050944440000  -.65868059657406921520
-.03048055007528935000  -.65788643241758727058
0                       -.65761988294637615913
.03048055007528935000   -.65788643241758727068
.06084771050944440000   -.65868059657406921538
.09098851347853875000   -.65998609943959078255
.12079083322389935000   -.66177639540324401903
.15014380316766595000   -.66401551195067755193
.17893822834420475000   -.66665917292461353693
.20706699161315195000   -.66965614839425370868
.23442545214302050000   -.67294976610059335081
.26091183468309290000   -.67647951212565348678
.28642760817565195000   -.68018264586555002215
.31087785230036165000   -.68399575711894696948
.33417161058768500000   -.68785620107079841490
.35622222878851835000   -.69170335941042814270
.37694767724268775000   -.69547969143363354901
.39627085604969060000   -.69913155603436351146
.41411988191153245000   -.70260980221763138351
.43042835559114615000   -.70587014060788902550
.44513560901476370000   -.70887332026698188006
.45818693115489010000   -.71158514338917501795
.46953377200148115000   -.71397635504777592845
.47913392430695410000   -.71602244650687917298
.48695168400966195000   -.71770340943363138086
.49295799586795145000   -.71900347615318219870
.49713063021837630000   -.71991088499246001206
.49945499542445175000   -.72041782640953041538